0.964
0.986
0.945
0.933
0.914
0.919
0.915
0.947
0.833
0.897
0.901
0.931
0.963
0.943
0.940
0.892
0.901
0.911
0.836
0.904
0.952
0.870
0.861
0.864
0.877
0.881
0.885
0.877
0.844
0.854
0.915
0.829
0.890
0.880
0.851
0.863
0.900
0.859
0.807
0.795
0.857
0.819
0.808
0.831
0.849
0.750
0.870
0.904
0.838
0.725
0.907
0.960
0.852
0.819
0.825
0.769
0.743
0.808
0.806
0.778
0.880
0.802
0.767
0.815
0.793
0.633
0.714
0.757
0.816
0.707
0.718
0.653
0.771
0.716
0.724
0.683
0.676
0.744
0.610
0.671
0.703
0.667
0.560
0.521
0.608
0.587
0.571
0.537
0.524
0.457
0.558
0.447
0.414
