0.9300 0.0006
0.9300 0.0006
0.9044 0.0016
0.8938 0.0025
0.8778 0.0049
0.7962 0.0451
0.8151 0.0307
0.8158 0.0282
0.9037 0.0017
0.9052 0.0017
0.9300 0.0006
0.9067 0.0015
0.9256 0.0007
0.9300 0.0006
0.9300 0.0006
0.9219 0.0008
0.9289 0.0006
0.9300 0.0006
0.9199 0.0009
0.9300 0.0006
0.9300 0.0006
0.9300 0.0006
0.9300 0.0006
0.9300 0.0006
0.9300 0.0006
0.9246 0.0008
0.9289 0.0006
0.9091 0.0014
0.9300 0.0006
0.9300 0.0006
0.9297 0.0006
0.9202 0.0009
0.9051 0.0016
0.9147 0.0012
0.9300 0.0006
0.9300 0.0006
0.9300 0.0006
0.9276 0.0006
0.9046 0.0011
0.9300 0.0006
0.8801 0.0045
0.9068 0.0015
0.8877 0.0034
0.9258 0.0007
0.9300 0.0006
0.9178 0.0010
0.9242 0.0007
0.9300 0.0006
0.9300 0.0006
0.9276 0.0006
0.9238 0.0007
0.9300 0.0006
0.9300 0.0006
0.8974 0.0021
0.9136 0.0012
0.9064 0.0015
0.9004 0.0019
0.9300 0.0006
0.9102 0.0013
0.9157 0.0010
0.9114 0.0012
0.9300 0.0006
0.9300 0.0006
0.9300 0.0006
0.8932 0.0028
0.9300 0.0006
0.9300 0.0006
0.9300 0.0006
0.9238 0.0007
0.9114 0.0014
0.9088 0.0015
0.9300 0.0006
0.9300 0.0006
0.9300 0.0006
0.9136 0.0011
0.9300 0.0006
0.9300 0.0006
0.9300 0.0006
0.9300 0.0006
0.9300 0.0006
0.9300 0.0006
0.9116 0.0012
0.8965 0.0022
0.9300 0.0006
0.8688 0.0060
0.9300 0.0006
0.9114 0.0012
0.9123 0.0013
0.9213 0.0008
0.9169 0.0011
0.9300 0.0006
0.9300 0.0006
0.9300 0.0006
0.8976 0.0021
0.8973 0.0021
0.9300 0.0006
0.9194 0.0010
0.9091 0.0014
0.9276 0.0006
0.9114 0.0012
0.9300 0.0006
0.8994 0.0020
0.9281 0.0006
0.9300 0.0006
0.9300 0.0006
0.9300 0.0006
0.9145 0.0012
0.9300 0.0006
0.8933 0.0025
0.8994 0.0022
0.9300 0.0006
0.9173 0.0011
0.9300 0.0006
0.9300 0.0006
0.9300 0.0006
0.9300 0.0006
0.9219 0.0008
0.9300 0.0006
0.9170 0.0010
0.8714 0.0062
0.9300 0.0006
0.8831 0.0041
0.9300 0.0006
0.9300 0.0006
0.8492 0.0129
0.9300 0.0006
0.9281 0.0006
0.9262 0.0007
0.8870 0.0035
0.8863 0.0032
0.8833 0.0032
0.8650 0.0077
0.9300 0.0006
0.9045 0.0016
0.8869 0.0013
0.9158 0.0010
0.8743 0.0050
0.9300 0.0006
0.9300 0.0006
0.8605 0.0090
0.9300 0.0006
0.9285 0.0006
0.9279 0.0006
0.9079 0.0016
0.9300 0.0006
0.9300 0.0006
0.8491 0.0115
0.9175 0.0010
0.8821 0.0042
0.9143 0.0011
0.9036 0.0017
0.9074 0.0015
0.9300 0.0006
0.8704 0.0057
0.9190 0.0009
0.9157 0.0011
0.9097 0.0013
0.9136 0.0012
0.9083 0.0014
0.8967 0.0024
0.9134 0.0011
0.9299 0.0006
0.9073 0.0015
0.9248 0.0007
0.8793 0.0042
0.9300 0.0006
0.9199 0.0010
0.8544 0.0110
0.8961 0.0025
0.8993 0.0020
0.9026 0.0018
0.9029 0.0019
0.9300 0.0006
0.9098 0.0013
0.9300 0.0006
0.8707 0.0063
0.8837 0.0040
0.9300 0.0006
0.9300 0.0006
0.9257 0.0007
0.9300 0.0006
0.9217 0.0008
0.9105 0.0013
0.9300 0.0006
0.9167 0.0010
0.8720 0.0061
0.9300 0.0006
0.8807 0.0040
0.9228 0.0008
0.8922 0.0029
0.9157 0.0010
0.8644 0.0079
0.9300 0.0006
0.9183 0.0009
0.9294 0.0006
0.9016 0.0018
0.8888 0.0030
0.9300 0.0006
0.9300 0.0006
0.9300 0.0006
0.9161 0.0010
0.8998 0.0022
0.9015 0.0020
0.9128 0.0013
0.9047 0.0018
0.9060 0.0017
0.9279 0.0006
0.9300 0.0006
0.9172 0.0010
0.9300 0.0006
0.9166 0.0010
0.9136 0.0011
0.9137 0.0012
0.9131 0.0013
0.9300 0.0006
0.8987 0.0023
0.9300 0.0006
0.9254 0.0008
0.8995 0.0020
0.9114 0.0012
0.9199 0.0009
0.9300 0.0006
0.8705 0.0057
0.9038 0.0017
0.9071 0.0015
0.9078 0.0014
0.9001 0.0021
0.8417 0.0162
0.8644 0.0059
0.9111 0.0013
0.9300 0.0006
0.9040 0.0017
0.9035 0.0019
0.8455 0.0112
0.8774 0.0050
0.9070 0.0015
0.9177 0.0010
0.9300 0.0006
0.8854 0.0037
0.8834 0.0040
0.8514 0.0121
0.9126 0.0012
0.9300 0.0006
0.9199 0.0009
0.8793 0.0042
0.9029 0.0011
0.9254 0.0007
0.8447 0.0148
0.9082 0.0015
0.8550 0.0096
0.9300 0.0006
0.8903 0.0031
0.9300 0.0006
0.8853 0.0037
0.9103 0.0014
0.8760 0.0047
0.9044 0.0016
0.9095 0.0015
0.9147 0.0011
0.9114 0.0014
0.8550 0.0096
0.8788 0.0043
0.9049 0.0018
0.8960 0.0025
0.9300 0.0006
0.8884 0.0030
0.8745 0.0022
0.8744 0.0050
0.9280 0.0006
0.8546 0.0046
0.8924 0.0026
0.9077 0.0014
0.8475 0.0136
0.9222 0.0008
0.9219 0.0008
0.9137 0.0011
0.9185 0.0009
0.9032 0.0017
0.8954 0.0023
0.8583 0.0096
0.9095 0.0015
0.8899 0.0028
0.8519 0.0119
0.8129 0.0332
0.8946 0.0026
0.8779 0.0036
0.8878 0.0034
0.8430 0.0106
0.9300 0.0006
0.8469 0.0139
0.8695 0.0066
0.8736 0.0051
0.9197 0.0009
0.8554 0.0090
0.8146 0.0332
0.8716 0.0055
0.8835 0.0036
0.9110 0.0013
0.9069 0.0016
0.8448 0.0148
0.9272 0.0006
0.8671 0.0072
0.8396 0.0172
0.8983 0.0023
0.9219 0.0009
0.8659 0.0075
0.8554 0.0106
0.8352 0.0177
0.8665 0.0073
0.8518 0.0119
0.8099 0.0305
0.8400 0.0171
0.8925 0.0029
0.9096 0.0015
0.9039 0.0017
0.8869 0.0035
0.9186 0.0009
0.8692 0.0060
0.8708 0.0063
0.8702 0.0058
0.7994 0.0373
